iter     g1     g2     g3     g4     g5
1 0.4259 0.2427 -0.3272 -0.01051 -0.3358 
6 0.2334 0.1561 -0.428 -0.01537 -0.3425 
11 0.2513 0.1954 -0.2604 -0.2405 0.09634 
16 0.1928 0.1586 0.05925 0.01156 0.2247 
21 0.2335 0.3655 0.1653 -0.1262 0.1266 
26 0.1813 0.4297 -0.1502 0.005531 0.1915 
31 0.1364 0.2579 -0.05891 -0.01809 -0.0007535 
36 0.2827 0.2354 -0.1944 -0.06033 0.0935 
41 -0.01905 0.1823 -0.08593 -0.3052 0.2129 
46 0.2025 0.007983 -0.2852 -0.1829 -0.3866 
51 0.2026 0.1212 -0.06829 -0.1018 -0.05952 
56 0.3073 0.1363 -0.3449 -0.0806 -0.02221 
61 0.6153 0.4336 -0.2021 0.366 0.4049 
66 0.6002 0.5463 -0.384 0.07639 -0.7273 
71 0.5706 0.5299 -0.2611 -0.3779 -0.7475 
76 0.6741 0.426 -0.7115 -0.266 -0.3473 
81 0.2699 0.1863 -0.8395 -0.08933 -0.5009 
86 0.01226 0.0633 -1.078 -0.3793 -0.6963 
91 0.2151 0.07413 -1.033 -0.06595 -0.5831 
96 0.211 -0.05737 -0.8507 -0.257 -0.516 
101 0.02132 0.008695 -1.232 -0.6124 -0.636 
106 0.08412 0.004131 -1.313 -0.4881 -0.6348 
111 0.4359 0.2515 -1.355 -0.7737 -0.6247 
116 -0.04105 -0.08204 -1.307 -0.4216 -0.5342 
121 0.2137 0.1536 -0.9936 -0.6591 -0.4165 
126 0.4094 0.5769 -0.7527 -0.4996 -0.2709 
131 0.6689 0.2735 -1.229 -0.1148 0.03231 
136 0.3903 0.4648 -0.799 -0.1973 -0.2363 
141 0.7173 0.78 -0.8652 -0.1483 0.05065 
146 0.4991 0.3002 -0.7068 0.3437 -0.08272 
151 0.2601 0.3334 -0.8917 -0.2438 -0.3354 
156 0.6275 0.2233 -1.057 -0.2627 -0.2987 
161 0.1081 0.1307 -0.4964 -0.1717 -0.6464 
166 0.3654 0.2163 -0.9419 -0.3748 -0.767 
171 0.3513 0.1334 -0.8094 -0.1361 -0.2379 
176 0.07862 -0.211 -0.8743 -0.3677 -0.6891 
181 0.03091 -0.1169 -0.7118 -0.3004 -0.8356 
186 0.158 0.2512 -0.6902 -0.4393 -1.066 
191 0.3719 0.1865 -0.5776 -0.4833 -0.7445 
196 0.2801 0.08985 -0.9561 -0.4151 -0.6064 
201 0.2115 -0.102 -0.6644 -0.4423 -0.9441 
206 -0.07071 0.1266 -0.6623 -0.3771 -0.8833 
211 0.1338 0.0199 -0.5799 -0.2375 -0.4429 
216 0.3566 0.3815 -0.1949 0.05975 -0.3412 
221 0.3222 0.2023 -0.6362 -0.1148 -0.3201 
226 0.1405 0.1113 -0.6457 0.04054 -0.3354 
231 0.4067 0.3512 -0.511 -0.2179 -0.2424 
236 0.3076 0.07117 -0.3375 -0.07579 -0.2565 
241 -0.0429 0.2412 -0.3145 -0.03823 -0.133 
246 0.2596 0.1499 -0.1146 -0.01145 -0.4062 
251 0.1949 0.09138 -0.1582 0.04846 -0.2697 
256 0.1057 0.05491 -0.8411 0.08689 -0.8841 
261 0.2373 0.08711 -0.745 -0.07848 -0.3967 
266 0.1348 0.4009 -0.4475 -0.02521 -0.5775 
271 0.6738 0.1235 -0.4015 -0.007345 -0.4756 
276 0.1258 0.2278 -0.4627 -0.07665 -0.7505 
281 -0.007467 -0.2446 -0.6232 -0.001157 -0.5906 
286 0.1641 0.3983 -0.6868 -0.1718 -0.6954 
291 0.1746 0.439 -1.091 -0.3735 -0.9215 
296 0.6722 0.6556 -0.9869 -0.4713 -0.9634 
301 0.7073 0.5771 -0.7272 -0.383 -0.7626 
306 0.6808 0.2734 -0.7721 -0.3201 -0.6045 
311 0.6278 0.2437 -0.924 -0.2585 -0.326 
316 0.4081 0.5196 -0.6469 -0.02054 -0.2448 
321 0.4692 0.4155 -0.6113 -0.1721 -0.6027 
326 0.4699 0.5686 -0.6786 -0.1471 -0.5741 
331 0.6032 0.5639 -0.4997 -0.165 -0.3384 
336 0.6414 0.5788 -0.644 -0.1338 -0.4713 
341 0.9283 0.6082 -0.3306 0.2232 -0.5376 
346 0.9908 0.799 -0.2832 -0.02716 -0.4819 
351 0.5761 0.8778 -0.5278 -0.01597 -0.2425 
356 0.5939 0.5225 -1.07 -0.3393 -0.009417 
361 0.5154 0.394 -1.03 -0.1299 -0.2156 
366 0.3773 0.28 -0.916 -0.1912 -0.1964 
371 0.8273 0.5851 -1.052 -0.2102 -0.06359 
376 0.314 0.2911 -0.7435 0.151 -0.08585 
381 0.5521 0.5543 -0.7227 0.01805 0.2378 
386 0.4707 0.5464 -0.6853 0.02788 -0.06868 
391 0.5097 0.3781 -0.7921 -0.06006 -0.1115 
396 0.4135 0.5187 -1.009 -0.4371 -0.2782 
401 0.2805 0.2578 -0.6165 -0.05072 -0.5283 
406 0.4859 0.4267 -0.6701 -0.3011 -0.3066 
411 0.4264 0.5356 -0.7831 -0.0004807 -0.1256 
416 0.1577 0.161 -0.4942 0.2394 -0.0873 
421 0.321 0.4316 -0.2484 0.293 -0.2512 
426 0.631 0.3965 -0.3328 0.171 0.09315 
431 0.8221 0.5115 -0.7441 -0.1835 -0.2759 
436 0.6883 0.6642 -0.5912 -0.1565 -0.1591 
441 0.7445 0.8477 -0.7029 -0.1477 -0.1969 
446 0.7104 0.6041 -0.9529 -0.1711 0.03494 
451 0.808 0.4909 -0.6805 -0.2752 -0.3599 
456 0.753 0.5326 -0.6392 0.1058 0.1106 
461 0.4162 0.5673 -0.8969 -0.09541 -0.004249 
466 0.5245 0.414 -0.7138 -0.07334 0.02193 
471 0.3209 0.6456 -0.7707 -0.1906 -0.08963 
476 0.05223 -0.007329 -0.7379 -0.041 -0.4468 
481 0.2973 0.2535 -0.7918 -0.204 -0.6377 
486 0.2961 0.2841 -0.9655 -0.4072 -0.4208 
491 0.5059 0.1439 -0.7512 -0.4229 -0.6932 
496 0.2787 0.6345 -0.6348 -0.05154 -0.4308 
501 0.524 0.5645 -0.39 -0.02377 -0.159 
506 0.1971 0.2165 -0.7663 -1.884e-005 -0.185 
511 0.2765 0.1836 -0.8412 -0.1835 -0.5924 
516 0.3178 0.4473 -1.204 -0.3537 -0.2182 
521 0.2991 0.1614 -1.003 -0.3497 -0.3395 
526 0.1888 0.5415 -1.052 -0.4529 -0.8494 
531 0.1036 0.005773 -0.9316 -0.4554 -0.9938 
536 0.2289 0.1882 -0.8897 -0.2189 -0.9744 
541 0.2049 0.02924 -1.165 -0.3758 -0.6138 
546 0.3048 0.2215 -1.165 -0.7591 -1.037 
551 0.4814 0.1519 -0.9324 -0.6016 -1.08 
556 0.6898 0.2866 -0.7314 -0.2114 -0.6424 
561 0.1592 -0.05944 -0.7724 -0.2227 -0.8067 
566 -0.1576 -0.0172 -0.9335 -0.2863 -0.7927 
571 0.05695 -0.1587 -0.8644 -0.3738 -0.8442 
576 0.3253 -0.003062 -0.7978 -0.06693 -0.4422 
581 0.3406 0.27 -0.8825 -0.133 -0.7935 
586 0.4568 0.3928 -0.917 -0.3707 -0.2813 
591 0.3759 0.2935 -0.7724 -0.1921 -0.1943 
596 0.4891 0.2385 -0.9691 -0.3185 -0.3963 
601 0.4265 0.4784 -0.6751 -0.1371 -0.3504 
606 0.6604 0.2501 -0.4991 -0.1223 -0.6756 
611 0.7046 0.4792 -0.4041 -0.04453 -0.4228 
616 0.4164 0.4734 -0.1398 0.1287 -0.3471 
621 0.4341 0.2982 -0.5626 -0.1273 -0.4413 
626 0.08515 0.02494 -0.5989 -0.2041 -0.3785 
631 0.4366 0.1978 -1.178 -0.6976 -0.2738 
636 0.07954 0.0765 -1.227 -0.5256 -0.5962 
641 0.214 0.1003 -1.093 -0.2432 -0.5417 
646 0.4248 0.1128 -0.662 -0.379 -0.95 
651 -0.001195 -0.01906 -1.263 -0.4859 -0.8684 
656 0.428 0.1358 -1.125 -0.7671 -0.9783 
661 0.2181 0.04107 -1.084 -0.3678 -0.9263 
666 0.2382 0.5563 -0.8264 -0.6436 -1.094 
671 0.1922 0.1285 -0.783 -0.1437 -0.5135 
676 0.3819 0.3604 -0.8362 -0.3806 -1.011 
681 0.7381 0.5349 -0.8793 -0.2937 -0.8758 
686 0.5303 0.4846 -0.8262 -0.09474 -0.6514 
691 0.4947 0.3448 -0.7059 -0.2075 -0.514 
696 0.5421 0.4171 -0.7458 -0.1555 -0.5689 
701 0.4471 0.2381 -0.6117 -0.2329 -0.5762 
706 0.334 0.1635 -0.3312 -0.03156 -0.2687 
711 0.3901 0.7461 -0.3538 0.06757 -0.3838 
716 0.7593 0.7685 -0.5357 0.2193 -0.05204 
721 0.1275 0.4732 -0.6321 0.2636 -0.262 
726 0.2994 -0.01554 -0.7676 -0.1077 -0.4244 
731 0.8371 0.9593 -1.001 -0.2222 -0.9652 
736 0.6601 0.6357 -0.8951 -0.437 -0.6851 
741 0.3377 0.5673 -0.9854 -0.0305 -0.6135 
746 0.3438 0.1647 -0.6895 -0.09544 -0.271 
751 0.225 0.4771 -0.9296 -0.2536 -0.7419 
756 0.2566 -0.05178 -0.6546 -0.2905 -0.8066 
761 0.3783 0.006307 -0.801 -0.4778 -0.8666 
766 0.3 0.4623 -0.9177 -0.3366 -0.3704 
771 0.3708 0.3314 -1.108 -0.423 -0.2737 
776 0.3445 0.5964 -0.9961 -0.1557 -0.1386 
781 0.2007 0.3329 -0.9178 -0.2786 -0.194 
786 0.4561 0.3838 -0.9209 -0.4227 -0.1362 
791 0.4136 0.4934 -0.749 0.06135 -0.5467 
796 0.04032 0.237 -0.8135 -0.1458 -0.2284 
801 0.5184 0.415 -0.9421 -0.2131 -0.5977 
806 0.6919 0.6425 -0.952 -0.2003 -0.2121 
811 0.8526 0.8302 -0.8686 -0.2196 -0.07927 
816 0.2819 0.2926 -0.8656 -0.1843 -0.1149 
821 0.3038 0.3739 -1.097 -0.4331 -0.5086 
826 0.2922 0.6312 -0.8463 -0.3821 -0.3644 
831 0.4751 0.4106 -0.9885 -0.4056 -0.1177 
836 0.6304 0.3176 -0.8594 -0.2691 -0.08146 
841 0.5113 0.5657 -1.128 0.06557 -0.22 
846 0.4195 0.5816 -0.981 -0.404 -0.2697 
851 0.5661 0.3406 -1.139 -0.3259 -0.578 
856 0.3188 0.4278 -0.726 -0.2492 -0.509 
861 0.2657 0.05592 -1.028 -0.2835 -0.7193 
866 0.4061 -0.2038 -1.066 -0.3363 -0.7621 
871 0.5577 0.4195 -1.04 -0.5701 -0.9579 
876 0.2034 0.2762 -1.033 -0.3677 -0.8848 
881 0.2982 0.2682 -1.185 -0.5516 -1.007 
886 0.08926 0.08285 -1.244 -0.7984 -1.101 
891 0.1676 0.1398 -0.8733 -0.7642 -1.015 
896 -0.03848 -0.2884 -0.6507 -0.3638 -0.7133 
901 -0.1072 0.1998 -0.7348 -0.101 -0.5346 
906 -0.1145 -0.2014 -0.8028 -0.5448 -0.842 
911 -0.1395 0.09343 -1.126 -0.5008 -0.8385 
916 0.1575 -0.1623 -1.03 -0.5617 -1.194 
921 0.06765 0.09771 -0.8426 -0.1596 -0.8389 
926 0.2132 0.02211 -0.7305 -0.2415 -0.5735 
931 0.2762 0.1394 -0.8227 -0.3877 -0.6054 
936 0.06416 0.2562 -0.6913 -0.4006 -0.8742 
941 0.2429 0.05349 -0.4597 -0.3132 -0.5385 
946 0.07485 0.2128 -0.9434 -0.1948 -0.4436 
951 0.05075 0.0154 -1.092 -0.3287 -1.116 
956 0.3447 0.451 -1.003 -0.4627 -0.8136 
961 0.5567 0.2866 -0.8265 -0.09567 -0.438 
966 0.2968 0.4712 -0.5296 -0.09928 -0.5768 
971 0.3801 0.4516 -0.7356 -0.4654 -0.39 
976 0.5067 0.5831 -0.6899 0.0428 -0.4091 
981 0.7901 0.6579 -0.6242 0.1316 -0.5612 
986 1.106 0.8797 -0.3299 -0.02158 -0.3788 
991 0.848 0.7738 -0.6252 -0.03435 -0.3755 
996 0.4926 0.4155 -0.6931 -0.05379 -0.6138 
