iter     sigmaG  sigmaS  sigmaE  freq  a    d
1 0.04862 0.0001 4.286 0.3594 0.3954 0.5296 
6 0.1141 0.0001 4.31 0.5045 0.5067 0.7015 
11 0.05361 0.0001 4.058 0.5096 0.7113 0.8358 
16 0.0476 0.0001 4.384 0.361 1.161 0.8297 
21 0.1642 0.0001 4.156 0.2988 1.193 0.2692 
26 0.06966 0.0001 3.839 0.2257 0.9814 0.5215 
31 0.03581 0.0001 4.014 0.2323 0.9621 0.3485 
36 0.03905 0.0001 4.271 0.3129 1.077 0.2593 
41 0.1929 0.0001 4.017 0.2971 1.284 0.1401 
46 0.05354 0.0001 4.02 0.1924 0.8927 0.3351 
51 0.0777 0.0001 4.192 0.5088 1.054 0.5109 
56 0.06755 0.0001 4.04 0.5655 1.058 0.9645 
61 0.2498 0.0001 3.817 0.3659 1.35 0.7851 
66 0.498 0.0001 3.882 0.3913 1.22 1.068 
71 0.1177 0.0001 3.988 0.8648 1.215 0.6952 
76 0.1817 0.0001 4.449 0.98 1.497 0.9233 
81 0.1725 0.0001 3.954 0.7311 1.617 1.487 
86 0.2017 0.0001 3.862 0.577 1.679 1.997 
91 0.2764 0.0001 3.674 0.5438 1.305 1.827 
96 0.08703 0.0001 3.96 0.7296 1.388 1.318 
101 0.6454 0.0001 4.109 0.7354 1.636 1.759 
106 0.6013 0.0001 3.819 0.697 1.875 1.598 
111 0.2918 0.0001 3.572 0.479 2.372 1.527 
116 0.7408 0.0001 4.125 0.6236 2.083 2.199 
121 0.219 0.0001 4.138 0.5643 2.158 1.915 
126 0.3674 0.0001 4.06 0.7685 1.731 1.752 
131 0.3597 0.0001 3.934 0.6963 1.83 1.94 
136 0.1419 0.0001 4.013 0.7487 1.958 1.414 
141 0.1668 0.0001 3.91 0.7107 1.553 1.209 
146 0.2545 0.0001 4.242 0.5271 1.392 1.577 
151 0.1886 0.0001 4.144 0.4788 1.923 1.57 
156 0.1517 0.0001 3.779 0.6604 1.846 1.853 
161 0.1146 0.0001 4.184 0.7417 1.393 2.153 
166 0.2571 0.0001 4.315 0.8513 1.912 1.815 
171 0.07454 0.0001 3.941 0.9077 1.541 2.204 
176 0.3775 0.0001 4.261 0.6801 1.864 2.22 
181 0.3712 0.0001 3.941 0.8079 2.14 2.656 
186 0.1576 0.0001 3.916 0.6917 2.067 2.719 
191 0.1637 0.0001 4.565 0.781 2.437 2.377 
196 0.2553 0.0001 4.055 0.6955 2.818 2.896 
201 0.1954 0.0001 3.971 0.9317 2.503 3.173 
206 0.1706 0.0001 3.873 0.9554 2.785 3.318 
211 0.199 0.0001 4.099 0.9373 2.695 3.42 
216 0.03169 0.0001 3.938 0.7026 2.215 3.183 
221 0.2139 0.0001 3.962 0.7155 2.183 2.815 
226 0.09383 0.0001 4.235 0.7256 2.063 2.941 
231 0.1938 0.0001 4.181 0.8205 2.295 2.804 
236 0.03236 0.0001 4.046 0.8793 2.074 3.515 
241 0.1139 0.0001 3.749 0.7747 2.171 3.691 
246 0.08393 0.0001 3.799 0.513 2.14 3.414 
251 0.07695 0.0001 3.807 0.7404 1.931 3.173 
256 0.4563 0.0001 4.131 0.7307 2.364 3.348 
261 0.09316 0.0001 4.086 0.4092 2.555 3.103 
266 0.04743 0.0001 4.149 0.5904 2.564 3.469 
271 0.2496 0.0001 4.232 0.8323 2.665 3.197 
276 0.1797 0.0001 4.194 0.7515 2.927 3.355 
281 0.07294 0.0001 4.137 0.6746 2.896 3.858 
286 0.306 0.0001 3.92 0.9257 2.815 3.179 
291 0.5378 0.0001 3.62 0.805 2.787 2.458 
296 0.2383 0.0001 3.999 0.7187 2.665 1.844 
301 0.2655 0.0001 3.926 0.7691 2.392 1.679 
306 0.1142 0.0001 4.12 0.8537 2.53 1.635 
311 0.1642 0.0001 3.598 0.8597 2.603 2.224 
316 0.6322 0.0001 3.527 0.6431 2.545 2.353 
321 0.1417 0.0001 4.077 0.6843 2.58 2.396 
326 0.2174 0.0001 3.776 0.7234 2.142 2.516 
331 0.3289 0.0001 3.821 0.7653 2.096 2.665 
336 0.2993 0.0001 4.013 0.6447 2.096 1.988 
341 0.3342 0.0001 4.089 0.6578 1.753 1.306 
346 0.1856 0.0001 4.157 0.6439 1.915 1.329 
351 0.2775 0.0001 4.191 0.7363 1.493 1.074 
356 0.3685 0.0001 3.689 0.6277 2.096 0.9175 
361 0.2133 0.0001 3.915 0.4976 1.735 1.346 
366 0.2264 0.0001 4.189 0.6674 1.589 1.6 
371 0.4324 0.0001 3.838 0.543 1.771 1.136 
376 0.1048 0.0001 4.14 0.6989 1.52 1.45 
381 0.3567 0.0001 3.961 0.8483 1.461 1.333 
386 0.1173 0.0001 3.826 0.8714 1.752 1.657 
391 0.1379 0.0001 4.008 0.8301 1.558 1.454 
396 0.4986 0.0001 3.989 0.8741 1.812 1.915 
401 0.3077 0.0001 4.507 0.8919 1.273 2.108 
406 0.1125 0.0001 3.966 0.4775 1.466 2.014 
411 0.1758 0.0001 3.556 0.8084 1.777 2.41 
416 0.0556 0.0001 3.58 0.7549 1.436 2.39 
421 0.09212 0.0001 4.074 0.8914 1.18 2.534 
426 0.2134 0.0001 3.793 0.5744 1.372 2.365 
431 0.1825 0.0001 3.992 0.398 1.813 1.926 
436 0.2102 0.0001 3.904 0.5631 1.997 1.348 
441 0.3677 0.0001 3.533 0.8206 1.945 1.412 
446 0.1443 0.0001 3.813 0.7316 1.996 1.342 
451 0.2171 0.0001 3.958 0.6209 1.728 1.38 
456 0.184 0.0001 3.921 0.5967 1.247 1.653 
461 0.2265 0.0001 3.995 0.6618 1.386 1.537 
466 0.1172 0.0001 4.305 0.5648 1.12 1.274 
471 0.1206 0.0001 3.803 0.6904 1.249 1.415 
476 0.06867 0.0001 4.307 0.6397 1.086 1.362 
481 0.8191 0.0001 3.912 0.7638 1.275 1.673 
486 0.246 0.0001 3.705 0.5801 1.786 2.034 
491 0.1592 0.0001 4.251 0.5899 1.779 2.271 
496 0.1355 0.0001 3.858 0.7723 1.658 2.246 
501 0.09266 0.0001 3.845 0.5156 1.213 1.819 
506 0.1375 0.0001 3.64 0.709 1.419 1.767 
511 0.3558 0.0001 3.856 0.646 1.165 1.809 
516 0.1522 0.0001 4.39 0.6943 1.643 1.402 
521 0.3481 0.0001 3.952 0.4969 1.82 1.679 
526 0.1738 0.0001 3.5 0.7052 2.175 1.647 
531 0.2073 0.0001 3.687 0.7636 1.993 2.224 
536 0.2034 0.0001 4.139 0.917 2.088 1.897 
541 0.1393 0.0001 4.305 0.9275 2.451 2.435 
546 0.2533 0.0001 3.961 0.931 2.495 2.237 
551 0.2603 0.0001 3.859 0.9063 2.076 2.26 
556 0.2487 0.0001 4.467 0.8875 2.292 2.078 
561 0.3962 0.0001 4.029 0.8208 2.335 2.445 
566 0.1588 0.0001 4.112 0.5877 2.495 2.918 
571 0.2059 0.0001 4.037 0.5601 2.178 2.93 
576 0.1756 0.0001 4.175 0.4998 2.028 2.787 
581 0.1833 0.0001 4.053 0.5553 2.333 2.251 
586 0.2081 0.0001 3.825 0.8565 2.078 1.924 
591 0.1519 0.0001 3.707 0.3432 1.992 2.653 
596 0.1487 0.0001 4.327 0.8316 2.179 2.567 
601 0.1733 0.0001 4.478 0.7234 2.281 2.182 
606 0.1508 0.0001 4.312 0.8637 1.908 2.025 
611 0.3001 0.0001 4.367 0.9538 1.811 1.917 
616 0.1224 0.0001 4.413 0.9307 1.41 1.657 
621 0.193 0.0001 4.574 0.6588 1.493 1.886 
626 0.09668 0.0001 4.05 0.7895 1.218 1.913 
631 0.4078 0.0001 4.173 0.7862 1.927 1.835 
636 0.1597 0.0001 3.804 0.9079 2.199 1.95 
641 0.1372 0.0001 3.786 0.5744 2.035 2.55 
646 0.215 0.0001 4.033 0.8887 2.145 2.385 
651 0.3969 0.0001 3.978 0.7546 2.782 2.113 
656 0.2441 0.0001 4.319 0.8661 2.842 2.163 
661 0.1951 0.0001 4.364 0.7769 2.614 2.852 
666 0.1675 0.0001 4.56 0.8078 2.763 2.678 
671 0.114 0.0001 4.501 0.8083 2.587 2.593 
676 0.3948 0.0001 3.786 0.6313 2.873 2.699 
681 0.2117 0.0001 3.841 0.7773 2.884 2.119 
686 0.2137 0.0001 3.836 0.831 3.275 2.415 
691 0.1184 0.0001 4.029 0.979 2.636 2.604 
696 0.1873 0.0001 4.175 0.8857 2.538 2.459 
701 0.08672 0.0001 4.253 0.7345 2.434 2.818 
706 0.07606 0.0001 4.021 0.6304 2.381 2.753 
711 0.4849 0.0001 4.233 0.8725 2.252 2.369 
716 0.266 0.0001 4.114 0.5875 1.674 2.165 
721 0.09876 0.0001 4.093 0.8314 1.956 2.516 
726 0.05253 0.0001 4.538 0.8326 2.023 2.282 
731 0.3766 0.0001 4.315 0.8469 2.345 1.419 
736 0.3413 0.0001 3.927 0.8133 2.409 1.511 
741 0.3538 0.0001 4.14 0.5048 2.603 2.257 
746 0.1742 0.0001 4.369 0.7333 2.277 2.482 
751 0.3498 0.0001 4.143 0.7809 2.493 2.134 
756 0.2125 0.0001 3.865 0.571 2.309 2.502 
761 0.1504 0.0001 4.031 0.5792 2.199 2.383 
766 0.1081 0.0001 3.744 0.621 1.76 2.476 
771 0.4013 0.0001 3.859 0.7261 2.123 1.882 
776 0.1586 0.0001 3.649 0.6928 1.84 1.686 
781 0.09127 0.0001 3.921 0.7941 1.619 1.49 
786 0.1872 0.0001 3.786 0.6412 1.862 1.759 
791 0.1045 0.0001 4.047 0.5896 1.497 1.766 
796 0.177 0.0001 3.735 0.7515 1.367 1.815 
801 0.1455 0.0001 4.05 0.6873 1.746 1.811 
806 0.2204 0.0001 3.721 0.6014 2.079 1.715 
811 0.1626 0.0001 3.754 0.7549 1.999 1.391 
816 0.09849 0.0001 3.69 0.7497 1.943 1.87 
821 0.2232 0.0001 3.568 0.7281 1.9 1.836 
826 0.2769 0.0001 4.195 0.5911 2.009 1.723 
831 0.1349 0.0001 3.992 0.6194 2.006 1.9 
836 0.3 0.0001 3.948 0.6971 2.037 2.155 
841 0.2317 0.0001 3.615 0.6411 2.019 1.548 
846 0.2533 0.0001 3.491 0.387 2.288 1.75 
851 0.3238 0.0001 4.112 0.7516 2.555 1.944 
856 0.1598 0.0001 4.329 0.7652 2.4 2.316 
861 0.4473 0.0001 3.943 0.817 2.781 2.254 
866 0.2613 0.0001 4.369 0.5734 2.523 2.404 
871 0.8001 0.0001 4.118 0.9449 2.726 1.944 
876 0.3996 0.0001 4.032 0.5481 2.372 1.767 
881 0.3111 0.0001 3.943 0.5391 2.534 1.689 
886 0.5974 0.0001 4.031 0.8427 2.718 1.933 
891 0.1942 0.0001 3.926 0.7474 2.537 2.086 
896 0.07517 0.0001 4.212 0.6572 2.168 3.102 
901 0.25 0.0001 4.12 0.3979 2.03 3.014 
906 0.342 0.0001 4.259 0.8109 2.108 2.725 
911 0.2142 0.0001 3.989 0.6655 2.736 2.717 
916 0.4041 0.0001 4.475 0.6618 2.544 2.962 
921 0.08939 0.0001 3.536 0.824 2.461 3.099 
926 0.2068 0.0001 3.852 0.8312 2.545 3.244 
931 0.1426 0.0001 4.115 0.7012 2.796 2.825 
936 0.5642 0.0001 3.875 0.8313 2.621 3.23 
941 0.1841 0.0001 4.175 0.799 2.217 3.537 
946 0.33 0.0001 3.968 0.7149 2.845 2.813 
951 0.2107 0.0001 3.828 0.6337 3.12 3.163 
956 0.2937 0.0001 3.758 0.8558 3.221 2.478 
961 0.1779 0.0001 4.241 0.7705 3.054 3.045 
966 0.3601 0.0001 3.81 0.6775 2.931 3.147 
971 0.1287 0.0001 4.197 0.6022 2.999 3.351 
976 0.1039 0.0001 4.055 0.8093 3.317 3.332 
981 0.3864 0.0001 4.531 0.7849 3.294 2.72 
986 0.5298 0.0001 3.688 0.7386 3.351 2.256 
991 0.4283 0.0001 4.08 0.7079 3.47 2.615 
996 0.1145 0.0001 4.138 0.8818 3.413 2.983 
